[gd_scene load_steps=23 format=2]

[ext_resource path="res://Assets/moss_background.png" type="Texture" id=1]
[ext_resource path="res://Assets/mushroom_digital_128x128.png" type="Texture" id=2]
[ext_resource path="res://Assets/grid-white-64x64.png" type="Texture" id=3]
[ext_resource path="res://Assets/animated_character_m/elf_m_idle_anim_f1.png" type="Texture" id=4]
[ext_resource path="res://Assets/animated_character_m/elf_m_idle_anim_f3.png" type="Texture" id=5]
[ext_resource path="res://Assets/animated_character_m/elf_m_idle_anim_f0.png" type="Texture" id=6]
[ext_resource path="res://Assets/animated_character_m/elf_m_idle_anim_f2.png" type="Texture" id=7]
[ext_resource path="res://Scripts/Camera3D.tres.gd" type="Script" id=8]

[sub_resource type="VisualShaderNodeTexture" id=14]
texture = ExtResource( 3 )

[sub_resource type="VisualShaderNodeInput" id=15]
input_name = "uv"

[sub_resource type="VisualShaderNodeVectorOp" id=16]
operator = 2

[sub_resource type="VisualShaderNodeVec3Constant" id=17]
constant = Vector3( 40, 20, 0 )

[sub_resource type="VisualShader" id=18]
code = "shader_type spatial;
uniform sampler2D tex_frg_2;



void vertex() {
// Output:0

}

void fragment() {
// Input:3
	vec3 n_out3p0 = vec3(UV, 0.0);

// Vector:5
	vec3 n_out5p0 = vec3(40.000000, 20.000000, 0.000000);

// VectorOp:4
	vec3 n_out4p0 = n_out3p0 * n_out5p0;

// Texture:2
	vec4 tex_frg_2_read = texture(tex_frg_2, n_out4p0.xy);
	vec3 n_out2p0 = tex_frg_2_read.rgb;
	float n_out2p1 = tex_frg_2_read.a;

// Output:0
	ALBEDO = n_out2p0;
	ALPHA = n_out2p1;

}

void light() {
// Output:0

}
"
graph_offset = Vector2( -195, 106.7 )
nodes/fragment/0/position = Vector2( 880, 100 )
nodes/fragment/2/node = SubResource( 14 )
nodes/fragment/2/position = Vector2( 580, 100 )
nodes/fragment/3/node = SubResource( 15 )
nodes/fragment/3/position = Vector2( -20, 100 )
nodes/fragment/4/node = SubResource( 16 )
nodes/fragment/4/position = Vector2( 320, 100 )
nodes/fragment/5/node = SubResource( 17 )
nodes/fragment/5/position = Vector2( -80, 280 )
nodes/fragment/connections = PoolIntArray( 2, 0, 0, 0, 2, 1, 0, 1, 5, 0, 4, 1, 3, 0, 4, 0, 4, 0, 2, 0 )

[sub_resource type="ShaderMaterial" id=19]
shader = SubResource( 18 )

[sub_resource type="PlaneMesh" id=1]
material = SubResource( 19 )

[sub_resource type="SpatialMaterial" id=2]
flags_unshaded = true
albedo_texture = ExtResource( 1 )
uv1_scale = Vector3( 10, 5, 1 )

[sub_resource type="BoxShape" id=13]

[sub_resource type="SpatialMaterial" id=20]
albedo_color = Color( 0.00392157, 0.996078, 0.92549, 1 )

[sub_resource type="PlaneMesh" id=21]
material = SubResource( 20 )
size = Vector2( 1, 1 )

[sub_resource type="PlaneMesh" id=3]
size = Vector2( 3, 3 )

[sub_resource type="SpatialMaterial" id=4]
flags_transparent = true
flags_unshaded = true
albedo_texture = ExtResource( 2 )

[sub_resource type="SpriteFrames" id=22]
animations = [ {
"frames": [ ExtResource( 6 ), ExtResource( 4 ), ExtResource( 7 ), ExtResource( 5 ) ],
"loop": true,
"name": "default",
"speed": 5.0
} ]

[node name="Spatial" type="Spatial"]

[node name="Camera" type="Camera" parent="."]
transform = Transform( 1, 0, 0, 0, 0.475471, 0.879732, 0, -0.879732, 0.475471, 0, 12.1538, 9.72162 )
script = ExtResource( 8 )

[node name="moss" type="MeshInstance" parent="."]
transform = Transform( 20, 0, 0, 0, 1, 0, 0, 0, 10, 0, 0, 0 )
mesh = SubResource( 1 )
material/0 = SubResource( 2 )

[node name="gridarea" type="Area" parent="."]
transform = Transform( 20, 0, 0, 0, 1, 0, 0, 0, 10, 0, 0.01, 0 )
collision_layer = 2

[node name="grid" type="MeshInstance" parent="gridarea"]
transform = Transform( 1, 0, 0, 0, 1, 0, 0, 0, 1, 0, 0, 0 )
layers = 2
mesh = SubResource( 1 )
material/0 = null

[node name="CollisionShape" type="CollisionShape" parent="gridarea"]
transform = Transform( 1, 0, 0, 0, 1, 0, 0, 0, 1, 0, -1, 0 )
shape = SubResource( 13 )

[node name="tile" type="MeshInstance" parent="."]
transform = Transform( 1, 0, 0, 0, 1, 0, 0, 0, 1, 0, 0.01, 0 )
mesh = SubResource( 21 )
material/0 = null

[node name="shroom" type="MeshInstance" parent="."]
transform = Transform( 1, 0, 0, 0, 0.567183, -0.823592, 0, 0.823592, 0.567183, 0.514386, 0.428, 0.580681 )
mesh = SubResource( 3 )
material/0 = SubResource( 4 )

[node name="shroom2" type="MeshInstance" parent="."]
transform = Transform( 1, 0, 0, 0, 0.485649, -0.874154, 0, 0.874154, 0.485649, -1.46415, 0.428, -0.394989 )
mesh = SubResource( 3 )
material/0 = SubResource( 4 )

[node name="shroom3" type="MeshInstance" parent="."]
transform = Transform( 1, 0, 0, 0, 0.65235, -0.757918, 0, 0.757918, 0.65235, 3.46077, 0.428, 3.58889 )
mesh = SubResource( 3 )
material/0 = SubResource( 4 )

[node name="homan" type="Spatial" parent="."]
transform = Transform( 1, 0, 0, 0, 0.721893, 0.692005, 0, -0.692005, 0.721893, -1.5, 0, 3 )

[node name="AnimatedSprite3D" type="AnimatedSprite3D" parent="homan"]
transform = Transform( 1, 0, 0, 0, 1, 0, 0, 0, 1, 0, 0.945757, -4.76837e-07 )
pixel_size = 0.0665
frames = SubResource( 22 )
playing = true

[node name="homan2" type="Spatial" parent="."]
transform = Transform( 1, 0, 0, 0, 0.721893, 0.692005, 0, -0.692005, 0.721893, 3.53287, -8.14199e-05, -0.0558679 )

[node name="AnimatedSprite3D" type="AnimatedSprite3D" parent="homan2"]
transform = Transform( 1, 0, 0, 0, 1, 0, 0, 0, 1, 0, 0.945757, -4.76837e-07 )
pixel_size = 0.0665
frames = SubResource( 22 )
playing = true

[node name="homan3" type="Spatial" parent="."]
transform = Transform( 1, 0, 0, 0, 0.721893, 0.692005, 0, -0.692005, 0.721893, -3.44817, -8.14199e-05, 5.95951 )

[node name="AnimatedSprite3D" type="AnimatedSprite3D" parent="homan3"]
transform = Transform( 1, 0, 0, 0, 1, 0, 0, 0, 1, 0, 0.945757, -4.76837e-07 )
pixel_size = 0.0665
frames = SubResource( 22 )
frame = 3
playing = true
